118@4k

camera matrix
2624.551099 0.000000 2071.280446
0.000000 2624.507671 1043.562756
0.000000 0.000000 1.000000

distortion
-0.072381 0.086851 -0.000043 0.000209 0.000000


118@1080

camera matrix
1237.680132 0.000000 969.903552
0.000000 1321.087868 523.339337
0.000000 0.000000 1.000000

distortion
-0.066714 0.070608 0.000877 0.000082 0.000000

108@4K

camera matrix
2616.211587 0.000000 2007.646821
0.000000 2616.011573 1049.723109
0.000000 0.000000 1.000000

distortion
-0.067270 0.071882 0.000266 0.001759 0.000000

108@1080

camera matrix
1231.535153 0.000000 935.769547
0.000000 1314.163167 518.691510
0.000000 0.000000 1.000000

distortion
-0.076265 0.089068 0.001048 0.001279 0.000000


128@4K

camera matrix
2619.425879 0.000000 2105.847494
0.000000 2620.529597 1045.007864
0.000000 0.000000 1.000000

distortion
-0.067885 0.076507 0.001288 -0.000408 0.000000

128@1080

camera matrix
1248.739176 0.000000 979.348146
0.000000 1332.824269 510.280853
0.000000 0.000000 1.000000

distortion
-0.063308 0.074728 -0.000335 -0.000244 0.000000
